         0   1.2542722579e-003   1.4819182138e-003   1.5581632159e-001   4.0084699951e+002
         1   1.2811218146e-003   1.6488845477e-003   1.5899678152e-001   3.9411420996e+002
         2   1.3083088723e-003   1.8538659349e-003   1.6241475521e-001   3.8532319603e+002
         3   1.3335451546e-003   2.1060792358e-003   1.6596966657e-001   3.7340196726e+002
         4   1.3520886396e-003   2.4096951644e-003   1.6951797222e-001   3.5623890286e+002
         5   1.3558897151e-003   2.7467053138e-003   1.7284910547e-001   3.3072476477e+002
         6   1.3551699210e-003   3.1424762807e-003   1.7630764822e-001   2.9535609278e+002
         7   1.3546215780e-003   3.5910563680e-003   1.8010306557e-001   2.4534213846e+002
         8   1.3521228523e-003   3.9655957694e-003   1.8375070892e-001   1.7331387137e+002
         9   1.3491932126e-003   4.2111970464e-003   1.8625482062e-001   8.3383422948e+001
        10   1.3469000070e-003   4.3701041375e-003   1.8672220747e-001  -1.7029877635e+001
        11   1.3484374402e-003   4.2875224568e-003   1.8534791470e-001  -1.1904032495e+002
        12   1.3554492630e-003   3.9562871401e-003   1.8277407767e-001  -2.0526840846e+002
        13   1.3686025172e-003   3.5432823294e-003   1.8009035628e-001  -2.7177554492e+002
        14   1.3826726705e-003   3.1242425352e-003   1.7748699223e-001  -3.1974620960e+002
        15   1.3905775722e-003   2.7234331642e-003   1.7497470754e-001  -3.5256290921e+002
        16   1.3841806719e-003   2.3457265551e-003   1.7239559781e-001  -3.7284905447e+002
        17   1.3718794641e-003   2.0381077696e-003   1.6985236100e-001  -3.8584214074e+002
        18   1.3598952205e-003   1.7994908039e-003   1.6748126426e-001  -3.9509792492e+002
        19   1.3486901189e-003   1.6109750662e-003   1.6527214168e-001  -4.0200927997e+002
        20   1.3386374411e-003   1.4597454876e-003   1.6323815756e-001  -4.0765969626e+002
        21   1.2712672714e-003   1.4428797210e-003   1.5570528954e-001   3.8807873223e+002
        22   1.3002807702e-003   1.6054450636e-003   1.5899874650e-001   3.8216429030e+002
        23   1.3315988552e-003   1.8089560239e-003   1.6261522671e-001   3.7484986430e+002
        24   1.3631242800e-003   2.0644616420e-003   1.6652324583e-001   3.6492257732e+002
        25   1.3912911030e-003   2.3851107660e-003   1.7058194951e-001   3.5067612425e+002
        26   1.4062690349e-003   2.7636683422e-003   1.7449681708e-001   3.2844987635e+002
        27   1.4059271096e-003   3.1918305583e-003   1.7818747737e-001   2.9503485559e+002
        28   1.4041335657e-003   3.6776476895e-003   1.8219256890e-001   2.4650797199e+002
        29   1.4011861441e-003   4.0744533947e-003   1.8615141923e-001   1.7502358679e+002
        30   1.3990995467e-003   4.3407543851e-003   1.8898313576e-001   8.5497156765e+001
        31   1.4034445064e-003   4.5332882531e-003   1.9049470045e-001  -1.5414261166e+001
        32   1.4166743122e-003   4.4734327813e-003   1.9069672961e-001  -1.1969706273e+002
        33   1.4336966729e-003   4.1187433825e-003   1.8907289673e-001  -2.0780359513e+002
        34   1.4502134796e-003   3.6557765680e-003   1.8621327973e-001  -2.7406596791e+002
        35   1.4631918446e-003   3.1804651399e-003   1.8306341773e-001  -3.1939873514e+002
        36   1.4637479827e-003   2.7253307471e-003   1.7989868050e-001  -3.4827548648e+002
        37   1.4483591176e-003   2.3213383083e-003   1.7669786946e-001  -3.6507025625e+002
        38   1.4314210369e-003   2.0104192134e-003   1.7374180130e-001  -3.7593167755e+002
        39   1.4148754637e-003   1.7714374364e-003   1.7093989506e-001  -3.8364748302e+002
        40   1.3998282294e-003   1.5841818112e-003   1.6837345406e-001  -3.8955033443e+002
        41   1.3852443562e-003   1.4341496123e-003   1.6596413592e-001  -3.9453038891e+002
        42   1.2923644969e-003   1.4075056652e-003   1.5564635528e-001   3.7359349379e+002
        43   1.3219829231e-003   1.5641262281e-003   1.5890228815e-001   3.6794749980e+002
        44   1.3552053419e-003   1.7622853362e-003   1.6254099890e-001   3.6143492906e+002
        45   1.3908381205e-003   2.0159378372e-003   1.6656367845e-001   3.5295952880e+002
        46   1.4264954614e-003   2.3437341339e-003   1.7094598221e-001   3.4102665113e+002
        47   1.4550153190e-003   2.7598539272e-003   1.7543471890e-001   3.2254584964e+002
        48   1.4615146930e-003   3.2340536365e-003   1.7957298487e-001   2.9166783517e+002
        49   1.4577678779e-003   3.7593095792e-003   1.8375687013e-001   2.4478510880e+002
        50   1.4508035977e-003   4.1825386610e-003   1.8758081651e-001   1.7475700418e+002
        51   1.4460943881e-003   4.4734992201e-003   1.9036213634e-001   8.6755020253e+001
        52   1.4548557639e-003   4.6968958967e-003   1.9251087985e-001  -1.3384800944e+001
        53   1.4765155412e-003   4.6432926231e-003   1.9364181192e-001  -1.1710140969e+002
        54   1.5044154498e-003   4.2696315585e-003   1.9308244701e-001  -2.0550063761e+002
        55   1.5298755585e-003   3.7575571207e-003   1.9091933898e-001  -2.7080453707e+002
        56   1.5413990204e-003   3.2167047803e-003   1.8756337588e-001  -3.1330954346e+002
        57   1.5299425788e-003   2.7034823936e-003   1.8380764058e-001  -3.3815096898e+002
        58   1.5082157373e-003   2.2890499641e-003   1.8019646169e-001  -3.5234652471e+002
        59   1.4861429332e-003   1.9783584764e-003   1.7680416729e-001  -3.6171767005e+002
        60   1.4651948492e-003   1.7410824994e-003   1.7365614774e-001  -3.6843357361e+002
        61   1.4447424396e-003   1.5554778996e-003   1.7070170715e-001  -3.7375369258e+002
        62   1.4242713460e-003   1.4068481570e-003   1.6788426026e-001  -3.7839462642e+002
        63   1.3255240318e-003   1.3769761031e-003   1.5654407525e-001   3.5787881956e+002
        64   1.3549401915e-003   1.5275612226e-003   1.5965930992e-001   3.5219151880e+002
        65   1.3884517633e-003   1.7186009241e-003   1.6316733253e-001   3.4589073104e+002
        66   1.4259696721e-003   1.9662640441e-003   1.6709801114e-001   3.3825205854e+002
        67   1.4654027315e-003   2.2916812325e-003   1.7144312438e-001   3.2771508692e+002
        68   1.5030201318e-003   2.7230918327e-003   1.7614504363e-001   3.1191776956e+002
        69   1.5245800915e-003   3.2608020955e-003   1.8084239428e-001   2.8541658167e+002
        70   1.5208369548e-003   3.8321650196e-003   1.8513378664e-001   2.4025888928e+002
        71   1.5066853785e-003   4.2880537006e-003   1.8851711219e-001   1.7229311633e+002
        72   1.4994694169e-003   4.6126426925e-003   1.9151498076e-001   8.7053880968e+001
        73   1.5124142067e-003   4.8596761007e-003   1.9424197977e-001  -1.1350985503e+001
        74   1.5394568076e-003   4.8084660172e-003   1.9576551972e-001  -1.1281936073e+002
        75   1.5718163458e-003   4.4073557265e-003   1.9519570958e-001  -1.9858965724e+002
        76   1.6036406061e-003   3.8360202076e-003   1.9343312413e-001  -2.6123991757e+002
        77   1.6108511338e-003   3.2222068016e-003   1.9053557462e-001  -3.0073115993e+002
        78   1.5881633345e-003   2.6683590441e-003   1.8648306798e-001  -3.2202286247e+002
        79   1.5597271251e-003   2.2516613183e-003   1.8245170398e-001  -3.3449262869e+002
        80   1.5319395357e-003   1.9429126693e-003   1.7869022233e-001  -3.4288385423e+002
        81   1.5041344218e-003   1.7079911429e-003   1.7512205154e-001  -3.4912983641e+002
        82   1.4770696387e-003   1.5248403785e-003   1.7177402519e-001  -3.5431645634e+002
        83   1.4510475962e-003   1.3787482358e-003   1.6865307745e-001  -3.5898162585e+002
        84   1.3649458041e-003   1.3510492424e-003   1.5781417516e-001   3.4027045495e+002
        85   1.3960634773e-003   1.4962163243e-003   1.6094647595e-001   3.3435365609e+002
        86   1.4313073901e-003   1.6801965512e-003   1.6444428314e-001   3.2793638765e+002
        87   1.4710985225e-003   1.9194771724e-003   1.6833650827e-001   3.2050769174e+002
        88   1.5146907994e-003   2.2382159674e-003   1.7263598234e-001   3.1088041154e+002
        89   1.5593090147e-003   2.6695351730e-003   1.7733138023e-001   2.9678203264e+002
        90   1.5959487862e-003   3.2518217774e-003   1.8220189697e-001   2.7425855235e+002
        91   1.5965503005e-003   3.8811345257e-003   1.8623889043e-001   2.3222162403e+002
        92   1.5767376159e-003   4.3922094927e-003   1.8958102205e-001   1.6772711115e+002
        93   1.5660434153e-003   4.7655987541e-003   1.9293467115e-001   8.6176305643e+001
        94   1.5815442544e-003   5.0234608668e-003   1.9605814088e-001  -9.3448747784e+000
        95   1.6103287244e-003   4.9734351744e-003   1.9748843655e-001  -1.0701187507e+002
        96   1.6443420913e-003   4.5382808752e-003   1.9648985536e-001  -1.8841878302e+002
        97   1.6707175454e-003   3.8814916453e-003   1.9410170605e-001  -2.4637617239e+002
        98   1.6628485206e-003   3.1890678384e-003   1.9101061340e-001  -2.8088764023e+002
        99   1.6300438760e-003   2.6239152448e-003   1.8682116568e-001  -2.9985403214e+002
       100   1.5930135033e-003   2.2094783499e-003   1.8239823429e-001  -3.1130037088e+002
       101   1.5563012527e-003   1.9039196580e-003   1.7819238339e-001  -3.1927315568e+002
       102   1.5213006470e-003   1.6732590792e-003   1.7430033001e-001  -3.2562875328e+002
       103   1.4883957922e-003   1.4942404539e-003   1.7070058129e-001  -3.3116445236e+002
       104   1.4578364783e-003   1.3518636506e-003   1.6739686899e-001  -3.3627409091e+002
       105   1.4035248486e-003   1.3299989265e-003   1.5870569649e-001   3.2050461279e+002
       106   1.4364777631e-003   1.4702891955e-003   1.6184632945e-001   3.1407396193e+002
       107   1.4736163637e-003   1.6476192667e-003   1.6532382567e-001   3.0715719834e+002
       108   1.5156831426e-003   1.8778076398e-003   1.6916876720e-001   2.9933724318e+002
       109   1.5631651635e-003   2.1860692793e-003   1.7340369841e-001   2.8981554394e+002
       110   1.6146919495e-003   2.6083938883e-003   1.7805182748e-001   2.7664586518e+002
       111   1.6651384369e-003   3.1939490355e-003   1.8294025578e-001   2.5631578322e+002
       112   1.6882511349e-003   3.8971686885e-003   1.8725321691e-001   2.2001104123e+002
       113   1.6689709649e-003   4.4936570437e-003   1.9106601590e-001   1.6086113827e+002
       114   1.6529602615e-003   4.9351474289e-003   1.9481457260e-001   8.3796081286e+001
       115   1.6622843459e-003   5.1828855933e-003   1.9753006274e-001  -7.3649648710e+000
       116   1.6868676184e-003   5.1356788542e-003   1.9828897016e-001  -9.9339225274e+001
       117   1.7186000959e-003   4.6623677689e-003   1.9674642010e-001  -1.7532830777e+002
       118   1.7287987416e-003   3.8882905043e-003   1.9306348766e-001  -2.2670313957e+002
       119   1.6960914747e-003   3.1307928856e-003   1.8893290682e-001  -2.5561282123e+002
       120   1.6514631972e-003   2.5701881753e-003   1.8449080095e-001  -2.7303541911e+002
       121   1.6052218843e-003   2.1627773781e-003   1.7987805456e-001  -2.8417384870e+002
       122   1.5613369847e-003   1.8644775039e-003   1.7555313661e-001  -2.9245054404e+002
       123   1.5212549422e-003   1.6404054088e-003   1.7159735079e-001  -2.9945056107e+002
       124   1.4850987163e-003   1.4668428053e-003   1.6801694128e-001  -3.0575068822e+002
       125   1.4523496604e-003   1.3287779299e-003   1.6476675921e-001  -3.1164302501e+002
       126   1.4401003838e-003   1.3146098192e-003   1.5900489822e-001   2.9877744989e+002
       127   1.4744304947e-003   1.4507548602e-003   1.6206545581e-001   2.9160444381e+002
       128   1.5130453419e-003   1.6221543740e-003   1.6543734095e-001   2.8388882952e+002
       129   1.5567421735e-003   1.8436171067e-003   1.6913347389e-001   2.7524369167e+002
       130   1.6063785656e-003   2.1392922040e-003   1.7316381279e-001   2.6505989408e+002
       131   1.6630134775e-003   2.5472837991e-003   1.7758098819e-001   2.5201531319e+002
       132   1.7243719176e-003   3.1142046951e-003   1.8224694207e-001   2.3275934284e+002
       133   1.7778841305e-003   3.8540880602e-003   1.8694594581e-001   2.0136877345e+002
       134   1.7758161633e-003   4.5877202276e-003   1.9199572139e-001   1.5079499706e+002
       135   1.7563866197e-003   5.1259835696e-003   1.9623066129e-001   7.9471837325e+001
       136   1.7434150863e-003   5.3516199150e-003   1.9760080950e-001  -5.4608072940e+000
       137   1.7605382891e-003   5.3088304765e-003   1.9754159390e-001  -8.9713648188e+001
       138   1.7878407104e-003   4.7663938467e-003   1.9516108802e-001  -1.5900521858e+002
       139   1.7750258182e-003   3.8410256018e-003   1.9026395697e-001  -2.0248736908e+002
       140   1.7213640490e-003   3.0591772899e-003   1.8531003341e-001  -2.2725077618e+002
       141   1.6635001222e-003   2.5104917859e-003   1.8060433149e-001  -2.4360672912e+002
       142   1.6076632715e-003   2.1163108958e-003   1.7594568371e-001  -2.5496500910e+002
       143   1.5580577947e-003   1.8287726012e-003   1.7169772782e-001  -2.6403275763e+002
       144   1.5145686319e-003   1.6125784294e-003   1.6789507474e-001  -2.7198881599e+002
       145   1.4760227130e-003   1.4447470788e-003   1.6445932596e-001  -2.7927527860e+002
       146   1.4415129232e-003   1.3108986176e-003   1.6133813163e-001  -2.8612167031e+002
       147   1.4744511467e-003   1.3051803071e-003   1.5861970761e-001   2.7542141470e+002
       148   1.5103336982e-003   1.4379469368e-003   1.6154476196e-001   2.6731101083e+002
       149   1.5501572172e-003   1.6042126658e-003   1.6469511579e-001   2.5852463913e+002
       150   1.5948670335e-003   1.8177472881e-003   1.6809212275e-001   2.4873518622e+002
       151   1.6458156325e-003   2.1008567289e-003   1.7176284879e-001   2.3743289323e+002
       152   1.7047849359e-003   2.4901832311e-003   1.7571386011e-001   2.2368059330e+002
       153   1.7724365051e-003   3.0305918165e-003   1.7974410690e-001   2.0482448314e+002
       154   1.8450146610e-003   3.7558175963e-003   1.8424138257e-001   1.7674113108e+002
       155   1.8808733641e-003   4.6649393206e-003   1.8976905733e-001   1.3554063453e+002
       156   1.8411492859e-003   5.3264732914e-003   1.9401901525e-001   7.2679215516e+001
       157   1.8203158704e-003   5.5615120250e-003   1.9550309282e-001  -3.7339832528e+000
       158   1.8400099134e-003   5.4998218243e-003   1.9514749970e-001  -7.8332175927e+001
       159   1.8720575912e-003   4.8200848604e-003   1.9210783250e-001  -1.3890932720e+002
       160   1.8187497000e-003   3.7630179991e-003   1.8614038731e-001  -1.7523755324e+002
       161   1.7422894463e-003   2.9827016172e-003   1.8038640315e-001  -1.9706509828e+002
       162   1.6689817313e-003   2.4518946218e-003   1.7536275366e-001  -2.1278590007e+002
       163   1.6041211399e-003   2.0751750769e-003   1.7079786351e-001  -2.2485787591e+002
       164   1.5494545564e-003   1.7995847124e-003   1.6678269573e-001  -2.3500872421e+002
       165   1.5028575910e-003   1.5912566001e-003   1.6322848843e-001  -2.4409275547e+002
       166   1.4624231289e-003   1.4288265460e-003   1.6005656217e-001  -2.5250089026e+002
       167   1.4267964670e-003   1.2987587388e-003   1.5718464728e-001  -2.6039716133e+002
       168   1.5047873104e-003   1.3016372934e-003   1.5739162670e-001   2.5061615914e+002
       169   1.5414323990e-003   1.4315198887e-003   1.6001297952e-001   2.4133852847e+002
       170   1.5825675745e-003   1.5932491704e-003   1.6283876842e-001   2.3127711064e+002
       171   1.6288079605e-003   1.7994797804e-003   1.6583126527e-001   2.2010896264e+002
       172   1.6810639722e-003   2.0703734739e-003   1.6893420263e-001   2.0737966865e+002
       173   1.7417841936e-003   2.4382676818e-003   1.7205962335e-001   1.9231420027e+002
       174   1.8135622674e-003   2.9476044316e-003   1.7504709807e-001   1.7337187481e+002
       175   1.8983746825e-003   3.6435286731e-003   1.7867849899e-001   1.4799799142e+002
       176   1.9833408054e-003   4.6494371636e-003   1.8410729168e-001   1.1460287699e+002
       177   1.9530276246e-003   5.5248214101e-003   1.8974529693e-001   6.2877985886e+001
       178   1.9215125956e-003   5.7766168581e-003   1.9195831198e-001  -2.1754565241e+000
       179   1.9565982175e-003   5.6840598434e-003   1.9124106776e-001  -6.4755517299e+001
       180   1.9611363620e-003   4.7588673281e-003   1.8672276761e-001  -1.1481260864e+002
       181   1.8602019699e-003   3.6771335982e-003   1.8005192090e-001  -1.4600598219e+002
       182   1.7573757951e-003   2.9142356682e-003   1.7375689092e-001  -1.6634369738e+002
       183   1.6683721559e-003   2.4028396265e-003   1.6861938919e-001  -1.8199889343e+002
       184   1.5953176369e-003   2.0433042145e-003   1.6437817772e-001  -1.9504045682e+002
       185   1.5359036984e-003   1.7788328658e-003   1.6075375803e-001  -2.0637613510e+002
       186   1.4864755635e-003   1.5774913186e-003   1.5758088965e-001  -2.1662347078e+002
       187   1.4446504855e-003   1.4195622772e-003   1.5478516037e-001  -2.2610623501e+002
       188   1.4085245287e-003   1.2925734386e-003   1.5228894094e-001  -2.3502728244e+002
       189   1.5223851362e-003   1.3038645161e-003   1.5461589014e-001   2.2494469570e+002
       190   1.5593364811e-003   1.4314203218e-003   1.5680483505e-001   2.1442723444e+002
       191   1.6004945133e-003   1.5890816456e-003   1.5906308499e-001   2.0297533164e+002
       192   1.6463357215e-003   1.7879805218e-003   1.6126835388e-001   1.9024521443e+002
       193   1.6998051436e-003   2.0452171328e-003   1.6337736004e-001   1.7580125195e+002
       194   1.7652569754e-003   2.3903471025e-003   1.6543529499e-001   1.5937311226e+002
       195   1.8512549649e-003   2.8684580716e-003   1.6767817894e-001   1.4027009876e+002
       196   1.9614122490e-003   3.5368004542e-003   1.7054214921e-001   1.1709685048e+002
       197   2.0868441424e-003   4.5320877604e-003   1.7531779406e-001   8.9013944643e+001
       198   2.1504116911e-003   5.7085234623e-003   1.8246538980e-001   4.9597701221e+001
       199   2.0872265180e-003   5.9683130609e-003   1.8642948811e-001  -9.0239852799e-001
       200   2.1425193039e-003   5.8324776882e-003   1.8381769452e-001  -4.8875901474e+001
       201   2.0459149020e-003   4.6258370710e-003   1.7720815758e-001  -8.7910487825e+001
       202   1.8934905183e-003   3.5929810850e-003   1.7064914525e-001  -1.1603201956e+002
       203   1.7659459550e-003   2.8645007340e-003   1.6516526293e-001  -1.3655480150e+002
       204   1.6644925313e-003   2.3719746246e-003   1.6056142342e-001  -1.5289092764e+002
       205   1.5846309570e-003   2.0244074489e-003   1.5683114505e-001  -1.6674467221e+002
       206   1.5210152344e-003   1.7683246893e-003   1.5376803028e-001  -1.7909964551e+002
       207   1.4693426889e-003   1.5722388937e-003   1.5114866638e-001  -1.9034885546e+002
       208   1.4258665851e-003   1.4174793040e-003   1.4879778334e-001  -2.0076071393e+002
       209   1.3891093346e-003   1.2925059704e-003   1.4673674967e-001  -2.1054516918e+002
       210   1.5275525832e-003   1.3116089081e-003   1.5026845421e-001   1.9898660910e+002
       211   1.5629853247e-003   1.4371111906e-003   1.5174182117e-001   1.8723829615e+002
       212   1.6011366119e-003   1.5900167658e-003   1.5292293981e-001   1.7434574855e+002
       213   1.6458441984e-003   1.7810206889e-003   1.5396284094e-001   1.6023940820e+002
       214   1.7016785232e-003   2.0264979160e-003   1.5493991337e-001   1.4475046218e+002
       215   1.7754792356e-003   2.3530863537e-003   1.5589783338e-001   1.2761983047e+002
       216   1.8779824684e-003   2.8029536958e-003   1.5687738928e-001   1.0841031788e+002
       217   2.0238853921e-003   3.4410904942e-003   1.5825396292e-001   8.6481887002e+001
       218   2.2200198013e-003   4.4101225887e-003   1.6106875590e-001   6.1814152483e+001
       219   2.4389717743e-003   5.7778785852e-003   1.6708544883e-001   3.2420462583e+001
       220   2.4572202010e-003   6.1447348590e-003   1.7214001173e-001   0.0000000000e+000
       221   2.3917378986e-003   5.8045992387e-003   1.6782065386e-001  -3.0906461101e+001
       222   2.1410308510e-003   4.4804604046e-003   1.6148721856e-001  -6.0818943984e+001
       223   1.9335838136e-003   3.5173326279e-003   1.5794725263e-001  -8.6762594662e+001
       224   1.7845827806e-003   2.8331685417e-003   1.5491787175e-001  -1.0771219494e+002
       225   1.6747625024e-003   2.3618878659e-003   1.5203304412e-001  -1.2522611025e+002
       226   1.5884766053e-003   2.0227623436e-003   1.4924865687e-001  -1.4014038984e+002
       227   1.5184611980e-003   1.7696384585e-003   1.4666982612e-001  -1.5322724287e+002
       228   1.4623813974e-003   1.5758171896e-003   1.4454330872e-001  -1.6523359396e+002
       229   1.4163592839e-003   1.4226764964e-003   1.4271971435e-001  -1.7642338415e+002
       230   1.3775198330e-003   1.2985240294e-003   1.4107646174e-001  -1.8693503728e+002
       231   1.5195033066e-003   1.3231937256e-003   1.4415780919e-001   1.7311707972e+002
       232   1.5510200194e-003   1.4459677537e-003   1.4450246827e-001   1.6031373630e+002
       233   1.5886834048e-003   1.5954473573e-003   1.4470495263e-001   1.4658337026e+002
       234   1.6353635563e-003   1.7812880955e-003   1.4470891498e-001   1.3178250384e+002
       235   1.6957110149e-003   2.0182750942e-003   1.4443319933e-001   1.1575508341e+002
       236   1.7784539454e-003   2.3310959798e-003   1.4381869113e-001   9.8343867915e+001
       237   1.8986554617e-003   2.7586513032e-003   1.4259043091e-001   7.9289247434e+001
       238   2.0844114918e-003   3.3681617293e-003   1.4038857901e-001   5.8428673618e+001
       239   2.3870159565e-003   4.3050843445e-003   1.3655624736e-001   3.6345977856e+001
       240   2.8955664519e-003   5.6267963464e-003   1.2931815896e-001   1.4187990806e+001
       241   3.4988161696e-003   6.2681428419e-003   1.1674557703e-001   2.8919445528e-001
       242   2.8631249176e-003   5.5651389254e-003   1.3029477077e-001  -1.2913972520e+001
       243   2.3272119644e-003   4.3557827297e-003   1.3793276169e-001  -3.5264273166e+001
       244   2.0132769510e-003   3.4583693141e-003   1.4154266403e-001  -5.8976769509e+001
       245   1.8249725631e-003   2.8199557399e-003   1.4254642240e-001  -8.0048616267e+001
       246   1.6982553936e-003   2.3677824438e-003   1.4215297051e-001  -9.8483129493e+001
       247   1.6040489540e-003   2.0365862089e-003   1.4104550731e-001  -1.1454830196e+002
       248   1.5293145557e-003   1.7858201080e-003   1.3959456133e-001  -1.2871929466e+002
       249   1.4671663285e-003   1.5907053055e-003   1.3797856505e-001  -1.4146484815e+002
       250   1.4161254444e-003   1.4359750205e-003   1.3652849247e-001  -1.5317219977e+002
       251   1.3738293499e-003   1.3109577103e-003   1.3529331352e-001  -1.6423881035e+002
       252   1.5007773293e-003   1.3376470342e-003   1.3652387139e-001   1.4806666247e+002
       253   1.5320931771e-003   1.4595635861e-003   1.3602044538e-001   1.3478559724e+002
       254   1.5704733028e-003   1.6072243581e-003   1.3519251565e-001   1.2063311902e+002
       255   1.6196405751e-003   1.7900825963e-003   1.3395078828e-001   1.0554345112e+002
       256   1.6854545176e-003   2.0222003292e-003   1.3205909682e-001   8.9397164611e+001
       257   1.7782801610e-003   2.3262030748e-003   1.2905598163e-001   7.2138968000e+001
       258   1.9226915038e-003   2.7395297788e-003   1.2410474241e-001   5.3698973541e+001
       259   2.1754559860e-003   3.3356971946e-003   1.1500821327e-001   3.4293233511e+001
       260   2.7144801825e-003   4.2513435305e-003   9.2923952175e-002   1.4988846571e+001
       261   4.2600723978e-003   5.4443817708e-003   1.6059878507e-002   1.6299838334e+000
       262   4.4213152944e-003   5.8851732896e-003   1.0960485202e-002   1.0470438223e-001
       263   4.3673733673e-003   5.3465013699e-003   1.3795497279e-002  -1.1133551728e+000
       264   2.7775801390e-003   4.2880585503e-003   9.3020166076e-002  -1.3185473092e+001
       265   2.1662397421e-003   3.4370299446e-003   1.1795490331e-001  -3.3827316276e+001
       266   1.8953266482e-003   2.8297718115e-003   1.2652779492e-001  -5.4283571269e+001
       267   1.7366338082e-003   2.3912396442e-003   1.3007483108e-001  -7.3062544887e+001
       268   1.6284211920e-003   2.0645614137e-003   1.3142030814e-001  -8.9901243101e+001
       269   1.5461771737e-003   1.8140185183e-003   1.3157936603e-001  -1.0499173238e+002
       270   1.4804774447e-003   1.6177131599e-003   1.3118408627e-001  -1.1863987785e+002
       271   1.4254948498e-003   1.4602357350e-003   1.3045819421e-001  -1.3109951148e+002
       272   1.3779846164e-003   1.3314705897e-003   1.2951981001e-001  -1.4259792210e+002
       273   1.4775665315e-003   1.3562095977e-003   1.2804103090e-001   1.2451390380e+002
       274   1.5091446426e-003   1.4783113908e-003   1.2659349411e-001   1.1103733689e+002
       275   1.5496227809e-003   1.6259720918e-003   1.2461048526e-001   9.6782921860e+001
       276   1.6016174444e-003   1.8079909667e-003   1.2176576182e-001   8.1758454781e+001
       277   1.6745968480e-003   2.0385043258e-003   1.1763078297e-001   6.5898433074e+001
       278   1.7864943819e-003   2.3410025833e-003   1.1123629340e-001   4.9272823267e+001
       279   1.9798128600e-003   2.7572893538e-003   1.0026052210e-001   3.1947819572e+001
       280   2.4054849084e-003   3.3822012297e-003   7.5250392344e-002   1.4683240759e+001
       281   3.3195160799e-003   4.3032906479e-003   1.5839815891e-002   3.1319228589e+000
       282   2.8194819810e-003   5.0801732371e-003   5.2910942110e-002  -1.0477031154e+000
       283   2.5018064986e-003   5.3919228686e-003   7.8487071392e-002   2.8598996240e-001
       284   2.7534602611e-003   4.9049130392e-003   6.0104560382e-002   1.8810206858e+000
       285   3.4045818944e-003   4.2731004891e-003   1.5901479098e-002  -2.3008566712e+000
       286   2.5327196841e-003   3.4945557827e-003   7.4406438317e-002  -1.2724590333e+001
       287   2.0268354811e-003   2.8760529535e-003   1.0362116030e-001  -3.1186896070e+001
       288   1.8007120710e-003   2.4365485278e-003   1.1450664335e-001  -4.9504516639e+001
       289   1.6644759715e-003   2.1079996284e-003   1.1963627465e-001  -6.6576424440e+001
       290   1.5697672459e-003   1.8546270705e-003   1.2216278547e-001  -8.2212360807e+001
       291   1.4977142547e-003   1.6549088729e-003   1.2339009961e-001  -9.6510579889e+001
       292   1.4383404758e-003   1.4936319534e-003   1.2378315840e-001  -1.0965381941e+002
       293   1.3882599358e-003   1.3612916353e-003   1.2369751164e-001  -1.2179426781e+002
       294   1.4518560816e-003   1.3790927487e-003   1.1894299570e-001   1.0264511423e+002
       295   1.4844578711e-003   1.5023610639e-003   1.1638993338e-001   8.9201196496e+001
       296   1.5265762995e-003   1.6511531514e-003   1.1291904350e-001   7.5152156970e+001
       297   1.5861419498e-003   1.8353458447e-003   1.0808441498e-001   6.0496450239e+001
       298   1.6755798193e-003   2.0703577806e-003   1.0096584923e-001   4.5299335751e+001
       299   1.8306016626e-003   2.3856838404e-003   8.9301116004e-002   2.9647392419e+001
       300   2.1749636367e-003   2.8452921152e-003   6.3474240388e-002   1.4135569441e+001
       301   2.7318385520e-003   3.5256331494e-003   1.9767831168e-002   4.2576368562e+000
       302   2.3280902122e-003   4.1761228970e-003   5.3917840271e-002  -1.3475276209e+000
       303   1.9992084284e-003   4.8001338138e-003   8.2530867759e-002  -4.5394353880e+000
       304   1.8962142976e-003   4.9691000291e-003   9.1900492012e-002   4.2893268387e-001
       305   1.9833995878e-003   4.5655439261e-003   8.5092720610e-002   5.3544531311e+000
       306   2.2727323775e-003   4.0518931388e-003   6.3503617352e-002   2.9010586429e+000
       307   2.7906166323e-003   3.5812719647e-003   2.4409051695e-002  -2.9636313064e+000
       308   2.3653257659e-003   2.9994914361e-003   5.9953565023e-002  -1.2049269858e+001
       309   1.9211312196e-003   2.5144976682e-003   9.2123625820e-002  -2.8434084920e+001
       310   1.7245829573e-003   2.1711910689e-003   1.0448360177e-001  -4.5007003999e+001
       311   1.6041496671e-003   1.9089850238e-003   1.1075591652e-001  -6.0687147777e+001
       312   1.5193601564e-003   1.7024586820e-003   1.1422941132e-001  -7.5321586058e+001
       313   1.4542245228e-003   1.5359220801e-003   1.1620142103e-001  -8.8912873496e+001
       314   1.4002802547e-003   1.3987101951e-003   1.1722551730e-001  -1.0154667021e+002
       315   1.4248359245e-003   1.4058070725e-003   1.0922559622e-001   8.2520950333e+001
       316   1.4611932788e-003   1.5316395347e-003   1.0531446599e-001   6.9336121392e+001
       317   1.5104897626e-003   1.6841728155e-003   9.9975798090e-002   5.5755101504e+001
       318   1.5866230886e-003   1.8760820474e-003   9.2488800435e-002   4.1709452887e+001
       319   1.7197975330e-003   2.1290651128e-003   8.0295411513e-002   2.7422372521e+001
       320   2.0194096868e-003   2.4942298799e-003   5.3547859776e-002   1.3497130358e+001
       321   2.3125335518e-003   2.9954824526e-003   2.7075836369e-002   4.7639759537e+000
       322   2.0597728341e-003   3.5058734174e-003   5.0812249329e-002  -1.1615314700e+000
       323   1.7886031125e-003   4.0559892170e-003   7.5812804169e-002  -6.3975960773e+000
       324   1.6399427042e-003   4.5196556825e-003   8.8203835877e-002  -6.2746747478e+000
       325   1.5915109247e-003   4.5919901107e-003   9.2132083706e-002   4.9911312013e-001
       326   1.6345951353e-003   4.2532064713e-003   8.9031882318e-002   7.1139928266e+000
       327   1.7729829783e-003   3.8601756590e-003   8.0030071724e-002   7.7096287198e+000
       328   2.0351395947e-003   3.4655912384e-003   6.0462512801e-002   3.1446327305e+000
       329   2.3926146701e-003   3.1120801490e-003   3.2344792938e-002  -3.0563232698e+000
       330   2.2292734883e-003   2.6642925983e-003   4.9073884833e-002  -1.1503770518e+001
       331   1.8441868035e-003   2.2650862308e-003   8.1919270577e-002  -2.5796680754e+001
       332   1.6654964283e-003   1.9820537037e-003   9.5737611474e-002  -4.0827017846e+001
       333   1.5551755779e-003   1.7630951995e-003   1.0299585471e-001  -5.5356233237e+001
       334   1.4763066160e-003   1.5877336612e-003   1.0727885291e-001  -6.9098137917e+001
       335   1.4151436256e-003   1.4437622612e-003   1.0983968971e-001  -8.2010923061e+001
       336   1.4035850118e-003   1.4368708461e-003   9.8568640528e-002   6.4182782043e+001
       337   1.4479098128e-003   1.5679523040e-003   9.3008899624e-002   5.1438629982e+001
       338   1.5174299165e-003   1.7309117860e-003   8.5076723598e-002   3.8420000739e+001
       339   1.6377866655e-003   1.9428986123e-003   7.2327785036e-002   2.5260700817e+001
       340   1.8888687240e-003   2.2456455475e-003   4.7012768063e-002   1.2843422087e+001
       341   2.0189692397e-003   2.6184488084e-003   3.3414771691e-002   4.7625941945e+000
       342   1.8579876396e-003   3.0197752628e-003   4.9699666632e-002  -1.1760489057e+000
       343   1.6468720793e-003   3.4615311394e-003   7.0603131006e-002  -7.0245028790e+000
       344   1.5119161884e-003   3.9279515970e-003   8.1463455446e-002  -9.5273484237e+000
       345   1.4214517034e-003   4.2552041726e-003   8.7592620579e-002  -6.9390927698e+000
       346   1.3924109478e-003   4.2655079065e-003   8.9159643922e-002   5.1271512638e-001
       347   1.4183599364e-003   3.9860593097e-003   8.7719625626e-002   7.7746010424e+000
       348   1.5023946735e-003   3.6684886200e-003   8.3387835300e-002   1.0536585513e+001
       349   1.6419736012e-003   3.3497747365e-003   7.5426612714e-002   8.7800503524e+000
       350   1.8720952701e-003   3.0520176630e-003   5.7923715021e-002   3.4005254136e+000
       351   2.1127898187e-003   2.7629085503e-003   3.8907994835e-002  -2.7343919656e+000
       352   2.0491209650e-003   2.4118522099e-003   4.7582810207e-002  -1.0866073256e+001
       353   1.7927560175e-003   2.0855707916e-003   7.2157019118e-002  -2.3268876387e+001
       354   1.6212166710e-003   1.8415312812e-003   8.7616505593e-002  -3.6967157666e+001
       355   1.5152832947e-003   1.6517471185e-003   9.5940880640e-002  -5.0474681682e+001
       356   1.4401949074e-003   1.4980214220e-003   1.0090805600e-001  -6.3407538094e+001
       357   1.3957413819e-003   1.4755598038e-003   8.6775287549e-002   4.7492440710e+001
       358   1.4630048250e-003   1.6188948775e-003   7.8473030021e-002   3.5325281812e+001
       359   1.5766763059e-003   1.8039952398e-003   6.5227865744e-002   2.3163695651e+001
       360   1.7486131928e-003   2.0545496908e-003   4.6127545812e-002   1.2058167051e+001
       361   1.8085483741e-003   2.3434239972e-003   3.8486574858e-002   4.3829023981e+000
       362   1.6952338419e-003   2.6602733539e-003   5.0326984860e-002  -1.4905181324e+000
       363   1.5350954836e-003   3.0147937511e-003   6.7167363539e-002  -7.4138303374e+000
       364   1.4235895066e-003   3.4119623065e-003   7.6086812322e-002  -1.1102584292e+001
       365   1.3289640566e-003   3.7863450945e-003   8.2238332965e-002  -1.1281643849e+001
       366   1.2672922404e-003   4.0115395562e-003   8.4947664984e-002  -7.0597742635e+000
       367   1.2469678633e-003   3.9862901854e-003   8.5389436922e-002   5.1418072745e-001
       368   1.2643071486e-003   3.7525054027e-003   8.4844253062e-002   7.8573099686e+000
       369   1.3208882433e-003   3.4864143534e-003   8.2814674927e-002   1.2105377058e+001
       370   1.4168905831e-003   3.2332878746e-003   7.8955793067e-002   1.2438948510e+001
       371   1.5442234529e-003   2.9757763998e-003   7.2337621942e-002   9.5663461911e+000
       372   1.7414797392e-003   2.7448891320e-003   5.7144049917e-002   3.8976076655e+000
       373   1.9097671075e-003   2.4990743202e-003   4.4028719489e-002  -2.1133377015e+000
       374   1.8798634702e-003   2.2132447716e-003   4.9773517183e-002  -9.8597527595e+000
       375   1.7384295549e-003   1.9489606914e-003   6.4981065378e-002  -2.0876982636e+001
       376   1.5871917756e-003   1.7339722155e-003   8.0086454673e-002  -3.3358915357e+001
       377   1.4835199148e-003   1.5643719071e-003   8.9323133697e-002  -4.5952955471e+001
       378   1.4164565976e-003   1.5295430771e-003   7.2767890695e-002   3.2379550550e+001
       379   1.5157017983e-003   1.6942481156e-003   6.0464809939e-002   2.1111056574e+001
       380   1.6238612614e-003   1.9019646878e-003   4.7120166771e-002   1.1041929480e+001
       381   1.6483069617e-003   2.1340970483e-003   4.2879095474e-002   3.7569136634e+000
       382   1.5622018098e-003   2.3865344330e-003   5.1843510250e-002  -2.0809226250e+000
       383   1.4418317609e-003   2.6765170578e-003   6.5043238132e-002  -7.8702703662e+000
       384   1.3496305475e-003   3.0047124332e-003   7.2552799640e-002  -1.2253512359e+001
       385   1.2672709216e-003   3.3477745143e-003   7.7705930741e-002  -1.3764276270e+001
       386   1.1953371874e-003   3.6403110316e-003   8.0887057546e-002  -1.2123880216e+001
       387   1.1497314687e-003   3.7947926214e-003   8.1736191006e-002  -6.9235114014e+000
       388   1.1340426551e-003   3.7464965115e-003   8.1641756337e-002   4.9166260721e-001
       389   1.1467115522e-003   3.5501848602e-003   8.1553209813e-002   7.6863075502e+000
       390   1.1877370782e-003   3.3268880489e-003   8.0864030371e-002   1.2849701313e+001
       391   1.2585027142e-003   3.1153654899e-003   7.9107238221e-002   1.4776721145e+001
       392   1.3515709048e-003   2.9035903018e-003   7.5962280802e-002   1.3939663531e+001
       393   1.4668837315e-003   2.6949421354e-003   7.0391375594e-002   1.0337199296e+001
       394   1.6304336724e-003   2.5044976649e-003   5.7767894481e-002   4.6582393026e+000
       395   1.7536416654e-003   2.2900976296e-003   4.8154804524e-002  -1.2258213573e+000
       396   1.7471272665e-003   2.0548888730e-003   5.1585155439e-002  -8.5664381720e+000
       397   1.6596266071e-003   1.8346650941e-003   6.2297040836e-002  -1.8521462109e+001
       398   1.5536202754e-003   1.6481138142e-003   7.3730075484e-002  -2.9962215360e+001
       399   1.4485825041e-003   1.6016726133e-003   5.8196530573e-002   1.9034421548e+001
       400   1.5189277694e-003   1.7766431970e-003   4.8484928202e-002   9.8395236194e+000
       401   1.5216993113e-003   1.9665100103e-003   4.6530170892e-002   2.8935919371e+000
       402   1.4526707071e-003   2.1707032860e-003   5.3513532923e-002  -2.9151679927e+000
       403   1.3600270195e-003   2.4123612439e-003   6.4047479539e-002  -8.5436473450e+000
       404   1.2843793699e-003   2.6850640041e-003   7.0363471201e-002  -1.3236330028e+001
       405   1.2167004476e-003   2.9853709637e-003   7.4366867082e-002  -1.5655621316e+001
       406   1.1487819999e-003   3.2743267162e-003   7.7463990243e-002  -1.5411432407e+001
       407   1.0917050944e-003   3.5016859246e-003   7.8694706978e-002  -1.2417512889e+001
       408   1.0557741984e-003   3.6017206420e-003   7.8512856332e-002  -6.6832723864e+000
       409   1.0430741963e-003   3.5419970559e-003   7.8170222464e-002   4.6060124300e-001
       410   1.0529471584e-003   3.3729085470e-003   7.8296440004e-002   7.4274604457e+000
       411   1.0844290857e-003   3.1875610711e-003   7.8435825205e-002   1.3080150191e+001
       412   1.1383225637e-003   3.0004935362e-003   7.7889471948e-002   1.6222470638e+001
       413   1.2121825231e-003   2.8260924514e-003   7.6418765319e-002   1.6937639810e+001
       414   1.2974425275e-003   2.6451968551e-003   7.4097977571e-002   1.5312424537e+001
       415   1.4012759552e-003   2.4734466856e-003   6.9268972522e-002   1.1227751439e+001
       416   1.5340141960e-003   2.3056295017e-003   5.8917276001e-002   5.6668366192e+000
       417   1.6296326053e-003   2.1211448872e-003   5.1552807600e-002  -1.2120908245e-001
       418   1.6379785850e-003   1.9248623519e-003   5.3315821864e-002  -7.0931841360e+000
       419   1.5817829580e-003   1.7374533402e-003   6.1149589957e-002  -1.6163327636e+001
       420   1.4267725339e-003   1.6705079957e-003   5.0343034774e-002   8.5097267562e+000
       421   1.4186184527e-003   1.8290886460e-003   4.9650736817e-002   1.8452946517e+000
       422   1.3602294930e-003   1.9976678839e-003   5.5442281914e-002  -3.9471423674e+000
       423   1.2872504240e-003   2.1986590852e-003   6.3793317146e-002  -9.4648903263e+000
       424   1.2270149853e-003   2.4330385722e-003   6.9037618009e-002  -1.4228896692e+001
       425   1.1703989425e-003   2.6883835632e-003   7.2176850792e-002  -1.7272532332e+001
       426   1.1120348122e-003   2.9547614223e-003   7.4731108606e-002  -1.8014153762e+001
       427   1.0545237598e-003   3.1890982337e-003   7.6180261410e-002  -1.6352285532e+001
       428   1.0079982155e-003   3.3685127569e-003   7.6207204629e-002  -1.2404558096e+001
       429   9.7844059905e-004   3.4304402443e-003   7.5491902601e-002  -6.4295416729e+000
       430   9.6787710703e-004   3.3666723299e-003   7.5044866146e-002   4.2863837815e-001
       431   9.7594706926e-004   3.2187789501e-003   7.5270029272e-002   7.1427152944e+000
       432   1.0011670060e-003   3.0625951428e-003   7.5859039487e-002   1.3028029785e+001
       433   1.0437042684e-003   2.8966455244e-003   7.6046282703e-002   1.7059392089e+001
       434   1.1032258930e-003   2.7475965793e-003   7.5716001083e-002   1.8980936567e+001
       435   1.1737375975e-003   2.5941147885e-003   7.4696126487e-002   1.8880359072e+001
       436   1.2519947994e-003   2.4401960387e-003   7.2876873306e-002   1.6639507648e+001
       437   1.3436289964e-003   2.2924389051e-003   6.8709516515e-002   1.2312165785e+001
       438   1.4495388807e-003   2.1407170684e-003   6.0480736916e-002   6.8946290592e+000
       439   1.5272028614e-003   1.9813601686e-003   5.4579113391e-002   1.1739748261e+000
       440   1.5426697223e-003   1.8142388920e-003   5.5339611974e-002  -5.4712406503e+000